23,36
0,427
0,426
0,425
0,424
0,423
0,422
0,421
0,420
0,419
0,418
0,417
0,416
0,415
0,414
0,413
0,412
0,411
0,410
0,409
0,408
0,407
0,406
0,405
0,404
0,403
0,402
0,401
0,400
0,399
0,398
0,397
0,396
0,395
0,394
0,393
0,392
0,391
0,390
0,389
0,388
26,14
26,13
26,12
26,11
26,10
26,9
26,8
26,7
26,6
26,5
26,4
0,387
0,386
0,385
25,5
25,4
0,384
27,3
27,2
27,1
27,0
26,3
26,2
26,1
26,0
25,3
25,2
25,1
25,0
0,319
0,318
0,317
0,316
0,283
23,35
24,3
24,2
0,9
24,1
24,0
3,2
10,118
10,169
10,128
10,2
10,3
11,20
11,17
11,4
11,13
11,2
11,3
9,6
9,4
9,2
9,3
11,30
11,29
11,28
11,27
11,26
8,6
8,5
8,2
8,3
11,25
11,24
11,23
11,22
12,2
11,1
12,1
12,3
11,21
10,316
10,315
10,314
10,313
10,312
10,311
10,310
10,309
10,308
10,307
10,306
10,305
10,304
10,303
